7 0 0 0 0 5 1 0 3 11 0 0 0 0 0 0
12 8 0 0 0 15 14 0 4 0 9 0 11 0 16 2
0 15 10 2 13 0 0 0 0 7 0 5 8 0 3 0
1 0 0 0 0 0 0 0 0 0 0 0 0 0 0 0
0 0 1 0 0 2 0 0 15 0 0 0 5 0 0 11
15 0 0 3 0 0 0 0 0 0 7 14 6 0 1 0
14 0 16 0 0 0 0 0 0 5 6 0 10 2 0 0
0 0 12 0 0 0 0 8 9 1 10 13 16 0 0 3
0 0 0 0 0 0 0 0 0 15 0 0 9 8 0 0
0 6 4 0 0 10 0 0 7 0 14 0 0 0 11 0
0 16 0 12 0 3 9 0 10 0 0 8 0 0 5 0
3 0 0 0 15 0 0 0 0 13 0 4 0 14 0 16
16  12  3   6   11  14  15  13  5   10  8   7   1   4   2   9
9   2   7   14  6   8   12  4   13  16  15  1   3   11  10  5
5   13  8   4   3   1   10  2   12  9   11  6   14  16  15  7
10  1   15  11  9   7   5   16  14  3   4   2   13  6   12  8